header : 


290 byte packet
6 channels

01 00  -- 2 byte packet header
00 00  -- room number 2 byte
00 00 00 00 00 00 00 00 00 00 00 00 00 00 00 00 00 00 00 00 00 00 00 00 00 00 00 00 00 00 00 00 00 00 00 00 00 00 00 00 00 00 00 00 00 00


5A 02 -- room number 2 byte
67 75 79 64 65 6F 72 31 30 20 27 73 20 72 6F 6F 6D 0D 00 00 00 00 00 00 00 00 00 00 00 00 00 00 00 00 00 00 00 00 02 02 03 2A 00 00 00 00


5B 02 -- room number 2 byte
70 65 74 69 72 6F 62 6F 74 20 27 73 20 72 6F 6F 6D 0D 00 00 00 00 00 00 00 00 00 00 00 00 00 00 00 00 00 00 00 00 02 08 03 1B 00 00 00 00


5C 02 -- room number 2 byte
6B 61 69 39 33 20 27 73 20 72 6F 6F 6D 0D 00 00 00 00 00 00 00 00 00 00 00 00 00
68 67 6A 68 67 00 00 00 00 00 00
02 08 01 
09 00 00 00 00


5D 02 -- room number 2 byte
62 6F 72 65 63 31 32 20 27 73 20 72 6F 6F 6D 0D 00 00 00 00 00 00 00 00 00 00 00 00 00 00 00 00 00 00 00 00 00 00 02 08 03 0E 00 00 00 00


00 00 -- room number 2 byte
00 00 00 00 00 00 00 00 00 00 00 00 00 00 00 00 00 00 00 00 00 00 00 00 00 00 00 00 00 00 00 00 00 00 00 00 00 00 00 00 00 00 00 00 00 00 


FB 2A 28 00
01 00
48 74 65 73 74 00 00 00 00 00 00 00 00 00 00 00 00 00 00 00 00 00 00
41 75 72 6F 6E 33 00 00 00 00 00 00 00 00 00 