01 00 ----- 2byte header
68 67 66 68 66 67 68 66 67 68 00 00 00 00 00 ----- 15 byte character name
02 00 ---- bot type ; 01 = patch; 02 = surge ; 03 = ram
00 00 00 00 -- current exp
01 00  -- 2 byte level
E8 03  -- 2 byte hp
1E 00  -- 2 byte attack min
23 00  -- 2 byte attack max
5A 00  -- 2 byte attack trans min
69 00  -- 2 byte attack trans max
20 03
E8 03
00 00
00 00
00 00 -- 2 byte special trans
E8 03
00 00
E8 03
00 00
E8 03 -- 2 byte range attack
00 00
00 00 -- 2 byte bot stract
00 00 00 001
00 00 00 002
00 00 00 003
00 00 00 004
00 00 00 005
00 00 00 006
00 00 00 007
00 00 00 008
00 00 00 009
00 00 00 0010
00 00 00 0011
00 01 00 0012
00 00 00 0013
00 00 00 0014
00 00 00 0015
00 00 00 0016
00 00 00 0017
00 00 00 0018
00 00 00 0019
00 00 00 0020
00 00 00 0021
00 00 00 0022
00 00 00 0023
00 00 00 0024
00 00 00 0025
00 00 00 0026
00 00 00 0027
00 00 00 0028
00 00 00 0029
00 00 00 0030
00 00 00 0031
00 00 00 0032
00 00 00 0033
00 00 00 0034
F4 01 00 00
00 00 00 00 00 00 00 00 00 00 00 00 00 00 00 00 00 00 00 00 00 00 00 00 00 00 00 00 00 00 00 00 00 00 00 00 00 00 00 00 00 00 00 00 00 00 00 00 00 00 00 00 00 00 00 00 00 00 00 00 00 00 00 00 00 00 00 00 00 00 00 00 00 00 00 00 00 00 00 00 00 00 00 00 00 00 00 00 00 00 00 00 00 00 00 00 00 00 00 00 00 00 00 00 00 00 00 00 00 00 00 00 00 00 00 00 00 00 00 00 00 00 00 00 00 00 00 00 00 00 00 00 00 00 00 00 00 00 00 00 00 00 00 00 00 00 00 00 00 00 00 00 00 00 00 00 00 00 00 00 00 00 00 00 00 00 00 00 00 00 00 00 00 00 00 00 00 00 00 00 00 00 00 00 00 00 00 00 00 00 00 00 00 00 00 00 00 00 00 00 00 00 00 00 00 00 00 00 00 00 00 00 00 00 00 00 00 00 00 00 00 00 00 00 00 00 00 00 00 00 00 00 00 00 00 00 00 00 00 00 00 00 00 00 00 00 00 00 00 00 00 00 00 00 00 00 00 00 00 00 00 00 00 00 00 00 00 00 00 00 00 00 00 00 00 00 00 00 00 00 00 00 00 00 00 00 00 00 00 00 00 00 00 00 00 00 00 00 00 00 00 00 00 00 00 00 00 00 00 00 00 00 00 00 00 00 00 00 00 00 00 00 00 00 00 00 00 00 00 00 00 00 00 00 00 00 00 00 00 00 00 00 00 00 00 00 00 00 00 00 00 00 00 00 00 00 00 00 00 00 00 00 00 00 00 00 00 00 00 00 00 00 00 00 00 00 00 00 00 00 00 00 00 00 00 00 00 00 00 00 00 00 00 00 00 00 00 00 00 00 00 00 00 00 00 00 00 00 00 00 00 00 00 00 00 00 00 00 00 00 00 00 00 00 00 00 00 00 00 00 00 00 00 00 00 00 00 00 00 00 00 00 00 00 00 00 00 00 00 00 00 00 00 00 00 00 00 00 00 00 00 00 00 00 00 00 00 00 00 00 00 00 00 00 00 00 00 00 00 00 00 00 00 00 00 00 00 00 00 00 00 00 00 00 00 00 00 00 00 00 00 00 00 00 00 00 00 00 00 00 00 00 00 00 00 00 00 00 00 00 00 00 00 00 00 00 00 00 00 00 00 00 00 00 00 00 00 00 00 00 00 00 00 00 00 00 00 00 00 00 00 00 00 00 00 00 00 00 00 00 00 00 00 00 00 00 00 00 00 00 00 00 00 00 00 00 00 00 00 00 00 00 00 00 00 00 00 00 00 00 00 00 00 00 00 00 00 00 00 00 00 00 00 00 00 00 00 00 00 00 00 00 00 00 00 00 00 00 00 00 00 00 00 00 00 00 00 00 00 00 00 00 00 00 00 00 00 00 00 00 00 00 00 00 00 00 00 00 00 00 00 00 00 00 00 00 00 00 00 00 00 00 00 00 00 00 00 00 00 00 00 00 00 00 00 00 00 00 00 00 00 00 00 00 00 00 00 00 00 00 00 00 00 00 00 00 00 00 00 00 00 00 00 00 00 00 00 00 00 00 00 00 00 00 00 00 00 00 00 00 00 00 00 00 00 00 00 00 00 00 00 00 00 00 00 00 00 00 00 00 00 00 00 00 00 00 00 00 00 00 00 00 00 00 00 00 00 00 00 00 00 00 00 00 00 00 00 00 00 00 00 00 00 00 00 00 00 00 00 00 00 00 00 00 00 00 00 00 00 00 00 00 00 00 00 00 00 00 00 00 00 00 00 00 00 00 00 00 00 00 00 00 00 00 00 00 00 00 00 00 00 00 00 00 00 00 00 00 00 00 00 00 00 00 00 00 00 00 00 00 00 00 00 00 00 00 00 00 00 00 00 00 00 00 00 00 00 00 00 00 00 00 00 00 00 00 00 00 00 00 00 00 00 00 00 00 00 00 00 00 00 00 00 00 00 00 00 00 00 00 00 00 00 00 00 00 00 00 00 00 00 00 00 00 00 00 00 00 00 00 00 00 00 00 00 00 00 00 00 00 00 00 00 00 00 00 00 00 00 00 00 00 00 00 00 00 00 00 00 00 00 00 00 00 00 00 00 00 00 00 00 00 00 00 00 00 00 00 00 00 00 00 00 00 00 00 00 00 00 00 00 00 00 00 00 00 00 00 00 00 00 00 00 00 00 00 00 00 00 00 00 00 00 00 00 00 00 00 00 00 00 00 00 00 00 00 00 00 00 00 00 00 00 00 00 00 00 00 00 00 00 00 00 00 00 00 00 00 00 00 00 00 00 00 00 00 00 00 00 00 00 00 00 00 00 00 00 00 00 00 00 00 00 00 00 00 00 00 00 00 00 00 00 00 00 00 00 00 00 00 00 00 00 00 00 00 00 00 00 00 00 00 00 00 00 00 00 00 00 00 00 00 00 00 00 00 00 00 00 00 00 00 00 00 00 00 00 00 00 00 00 00 00 00 00 00 00 00 00 00 00 00 00 00 00 00 00 00 00 00 00 00 00 00 00 00 00 00 00 00 00 00 00 00 00 00 00 00 00 00 00 00 00 00 00 00 00 00 00 00 00 00 00 00 00 00 00 00 00 00 00 00 00 00 00 


01 00 -- 2byte header
41 75 72 6F 6E 45 78 00 00 00 00 00 00 00 00 -- 15 byte character name
02 00 -- 2 bot type ; 01 = patch; 02 = surge ; 03 = ram
F4 71 00 00 -- 4 byte current exp
33 00 -- 2 byte level
DE 06 -- 2 byte hp
40 00 -- 2 byte attack min
51 00 -- 2 byte attack max
BC 00 -- 2 byte attack trans min
0D 01 -- 2 byte attack trans max
20 03 
E8 03
00 00
00 00
B6 00 -- 2 byte special trans
E8 03
00 00
E8 03
00 00
13 04 -- 2 byte range attack
00 00
12 02 -- 2 byte bot stract
00 00
00 00
00 00
00 00
00 00
04 00
00 00
00 00
00 00
E8 78 12 00 FF FF FF FF 00
F8 9F 12 00 FF FF FF FF 00
08 C7 12 00 FF FF FF FF 00
01
7B 7A 12 00 FF FF FF FF 00
4D 1B 11 00 FF FF FF FF 00
F3 F0 2D 00 FF FF FF FF 00
ED A1 12 00 FF FF FF FF 00
29 3D 2E 00 FF FF FF FF 00
2B F0 2D 00 FF FF FF FF 00
F6 76 12 00 FF FF FF FF 00
5F 3C 2E 00 FF FF FF FF 00
CB 18 2E 00 FF FF FF FF 00
00 00 00 00 00 00 00 00 00
57 35 0A 00 
00 00 00 00
00 00 00 00 
00 00 00 00
54 65 61 6D 67 6F 6C 64 69 65 00 00 00 00 001
00 00 00 00 00 00 00 00 00 00 00 00 00 00 002
00 00 00 00 00 00 00 00 00 00 00 00 00 00 003
00 00 00 00 00 00 00 00 00 00 00 00 00 00 004
00 00 00 00 00 00 00 00 00 00 00 00 00 00 005
00 00 00 00 00 00 00 00 00 00 00 00 00 00 006
00 00 00 00 00 00 00 00 00 00 00 00 00 00 007
00 00 00 00 00 00 00 00 00 00 00 00 00 00 008
00 00 00 00 00 00 00 00 00 00 00 00 00 00 009
00 00 00 00 00 00 00 00 00 00 00 00 00 00 0010
00 00 00 00 00 00 00 00 00 00 00 00 00 00 0011
00 00 00 00 00 00 00 00 00 00 00 00 00 00 0012
00 00 00 00 00 00 00 00 00 00 00 00 00 00 0013
00 00 00 00 00 00 00 00 00 00 00 00 00 00 0014
00 00 00 00 00 00 00 00 00 00 00 00 00 00 0015
00 00 00 00
00
2B F0 2D 00 FF FF FF FF 00
50 15 2E 00 FF FF FF FF 00
60 3C 2E 00 FF FF FF FF 00
00 00 00 00 00 00 00 00 00
DC 8A 2E 00 FF FF FF FF 00
00 00 00 00 00 00 00 00 00
00 00 00 00 00 00 00 00 00 00 00 00 00 00 00 00 00 00 00 00 00 00 00 00 00 00 00 00 00 00 00 00 00 00 00 00 00 00 00 00 00 00 00 00 00 00 00 00 00 00 00 00 00 00 00 00 00 00 00 00 00 00 00 00 00 00 00 00 00 00 00 00 00 00 00 00 00 00 00 00 00 00 00 00 00 00 00 00 00 00 00 00 00 00 00 00 00 00 00 00 00 00 00 00 00 00 00 00 00 00 00 00 00 00 00 00 00 00 00 00 00 00 00 00 00 00 00 00 00 00 00 00 00 00 00 00 00 00 00 00 00 00 00 00 00 00 00 00 00 00 00 00 00 00 00 00 00 00 00 00 00 00 00 00 00 00 00 00 00 00 00 00 00 00 00 00 00 00 00 00 00 00 00 00 00 00 00 00 00 00 00 00 00 00 00 00 00 00 00 00 00 00 00 00 00 00 00 00 00 00 00 00 00 00 00 00 00 00 00 00 00 00 00 00 00 00 00 00 00 00 00 00 00 00 00 00 00 00 00 00 00 00 00 00 00 00 00 00 00 00 00 00 00 00 00 00 00 00 00 00 00 00 00 00 00 00 00 00 00 00 00 00 00 00 00 00 00 00 00 00 00 00 00 00 00 00 00 00 00 00 00 00 00 00 00 00 00 00 00 00 00 00 00 00 00 00 00 00 00 00 00 00 00 00 00 00 00 00 00 00 00 00 00 00 00 00 00 00 00 00 00 00 00 00 00 00 00 00 00 00 00 00 00 00 00 00 00 00 00 00 00 00 00 00 00 00 00 00 00 00 00 00 00 00 00 00 00 00 00 00 00 00 00 00 00 00 00 00 00 00 00 00 00 00 00 00 00 00 00 00 00 00 00 00 00 00 00 00 00 00 00 00 00 00 00 00 00 00 00 00 00 00 00 00 00 00 00 00 00 00 00 00 00 00 00 00 00 00 00 00 00 00 00 00 00 00 00 00 00 00 00 00 00 00 00 00 00 00 00 00 00 00 00 00 00 00 00 00 00 00 00 00 00 00 00 00 00 00 00 00 00 00 00 00 00 00 00 00 00 00 00 00 00 00 00 00 00 00 00 00 00 00 00 00 00 00 00 00 00 00 00 00 00 00 00 00 00 00 00 00 00 00 00 00 00 00 00 00 00 00 00 00 00 00 00 00 00 00 00 00 00 00 00 00 00 00 00 00 00 00 00 00 00 00 00 00 00 00 00 00 00 00 00 00 00 00 00 00 00 00 00 00 00 00 00 00 00 00 00 00 00 00 00 00 00 00 00 00 00 00 00 00 00 00 00 00 00 00 00 00 00 00 00 00 00 00 00 00 00 00 00 00 00 00 00 00 00 00 00 00 00 00 00 00 00 00 00 00 00 00 00 00 00 00 00 00 00 00 00 00 00 00 00 00 00 00 00 00 00 00 00 00 00 00 00 00 00 00 00 00 00 00 00 00 00 00 00 00 00 00 00 00 00 00 00 00 00 00 00 00 00 00 00 00 00 00 00 00 00 00 00 00 00 00 00 00 00 00 00 00 00 00 00 00 00 00 00 00 00 00 00 00 00 00 00 00 00 00 00 00 00 00 00 00 00 00 00 00 00 00 00 00 00 00 00 00 00 00 00 00 00 00 00 00 00 00 00 00 00 00 00 00 00 00 00 00 00 00 00 00 00 00 00 00 00 00 00 00 00 00 00 00 00 00 00 00 00 00 00 00 00 64 01 00 00 24 01 00 00 00 00 00 00 00 00 00 00 00 00 00 00 00 00 00 00 00 00 00 00 00 00 00 00 00 00 00 00 00 00 00 00 00 00 00 00 00 00 00 00 00 00 00 00 00 00 00 00 00 00 00 00 00 00 00 00 00 00 00 00 00 00 00 00 00 00 00 00 00 00 00 00 00 00 00 00 00 00 00 00 00 00 00 00 00 00 00 00 00 00 00 00 00 00 00 00 00 00 00 00 