EE 2C 50 01  ---- 4 byte header

channel =
4 byte data
xx xx min max
22 byte name


F5 00 01 64
4F 70 65 6E 31 00 00 00 00 00 00 00 00 00 00 00 00 00 00 00 00 00

18 00 01 64
4F 70 65 6E 32 00 00 00 00 00 00 00 00 00 00 00 00 00 00 00 00 00

03 00 01 64
49 6E 74 65 72 6E 61 74 69 6F 6E 31 00 00 00 00 00 00 00 00 00 00

08 00 01 64
4F 70 65 6E 33 00 00 00 00 00 00 00 00 00 00 00 00 00 00 00 00 00

FF FF 00 00
00 00 00 00 00 00 00 00 00 00 00 00 00 00 00 00 00 00 00 00 00 00

FF FF 00 00
00 00 00 00 00 00 00 00 00 00 00 00 00 00 00 00 00 00 00 00 00 00

FF FF 00 00
00 00 00 00 00 00 00 00 00 00 00 00 00 00 00 00 00 00 00 00 00 00

FF FF 00 00
00 00 00 00 00 00 00 00 00 00 00 00 00 00 00 00 00 00 00 00 00 00

FF FF 00 00
00 00 00 00 00 00 00 00 00 00 00 00 00 00 00 00 00 00 00 00 00 00

FF FF 00 00
00 00 00 00 00 00 00 00 00 00 00 00 00 00 00 00 00 00 00 00 00 00

FF FF 00 00
00 00 00 00 00 00 00 00 00 00 00 00 00 00 00 00 00 00 00 00 00 00

FF FF 00 00
00 00 00 00 00 00 00 00 00 00 00 00 00 00 00 00 00 00 00 00 00 00




FF FF 00 00 00
00


FF FF 00 00 00
00


FF FF 00 00 00
00


FF FF 00 00 00
00 